0.8737875 0.1315886 0.0975583 0.1187876 0.0993666 0.0947764 0.0982441 0.1029574 0.1007477 0.0926905 0.0980014 0.1024098 0.0896543 0.0898879 0.0829746 0.0849798 -0.0063716 0.0114930 0.0144132 0.0031929 0.0009229 0.0254909 0.0062027 0.0108920 0.0168321 0.0121966 0.0149150 0.0015280 0.0069067 -0.0018108 0.0092641 0.0028760 0.0072824 0.0121725 -0.0012554 0.0139847 0.0071997 0.0044915 0.0103267 0.0023519 0.0055341 -0.0027812 -0.0054183 -0.0044142 0.0123428 0.0067617 -0.0003512 -0.0219788 -0.0596153 -0.0217310 -0.0313101 -0.0341353 -0.0357232 -0.0149160 -0.0311972 -0.0348361 -0.0472252 -0.0364646 -0.0165205 -0.0296073 -0.0163742 -0.0307389 -0.0302270 -0.0162048 -0.0336672 -0.0126660 -0.0389654 -0.0216034 -0.0438262 -0.0006694 -0.0382598 -0.0523619 -0.0531656 -0.0172552 -0.0343635 -0.0310549 -0.0352186 -0.0571496 -0.0331916 -0.1061152 -0.1092611 -0.0464039 -0.0443643 -0.0284712 -0.0722579 -0.0553166 -0.1330236 -0.0491867 -0.0743042 -0.0810243 -0.0804355 -0.0393601 -0.0922637 -0.0449283 -0.1263099
0.1315886 0.8616233 0.0906788 0.1231973 0.0963614 0.0933407 0.0970449 0.0996281 0.0986618 0.0930076 0.0985591 0.0988598 0.0919960 0.0894812 0.0794269 0.0872050 -0.0193080 0.0065850 0.0082911 -0.0010463 -0.0096723 0.0158237 0.0004572 -0.0047910 0.0192549 0.0111884 0.0177750 0.0088928 0.0107705 0.0072418 0.0126426 0.0077886 0.0090137 0.0144902 0.0028217 0.0175156 0.0074760 0.0098134 0.0116487 0.0087429 0.0054977 0.0016645 -0.0033005 -0.0032286 0.0098904 0.0101241 -0.0023472 -0.0238097 -0.0612380 -0.0150707 -0.0323863 -0.0364854 -0.0331849 -0.0158178 -0.0302647 -0.0340641 -0.0490460 -0.0359967 -0.0104523 -0.0271966 -0.0132100 -0.0232744 -0.0232066 -0.0152024 -0.0276692 -0.0101201 -0.0351185 -0.0205238 -0.0421075 0.0030982 -0.0404097 -0.0556877 -0.0515850 -0.0196124 -0.0327486 -0.0252000 -0.0359019 -0.0586366 -0.0317695 -0.1140986 -0.1145802 -0.0457762 -0.0448664 -0.0313012 -0.0774594 -0.0528798 -0.1420426 -0.0456176 -0.0773441 -0.0806829 -0.0805467 -0.0374583 -0.1008864 -0.0421401 -0.1322304
0.0975583 0.0906788 0.8648162 0.0886639 0.1430685 0.1364834 0.1575735 0.1431605 0.1071816 0.1004218 0.1021532 0.1025801 0.1003467 0.0971505 0.0910424 0.0899319 -0.0124936 0.0064264 0.0153583 -0.0014240 -0.0050333 0.0200081 0.0040054 0.0004690 0.0163808 0.0105746 0.0208032 0.0098288 0.0071689 0.0053274 0.0150634 0.0003175 0.0143272 0.0149200 0.0013048 0.0209823 0.0097936 0.0045090 0.0131729 0.0113352 0.0091566 -0.0012635 -0.0035423 -0.0047982 0.0132188 0.0113518 -0.0025987 -0.0246934 -0.0649798 -0.0212947 -0.0302698 -0.0406962 -0.0336287 -0.0156500 -0.0337790 -0.0370525 -0.0488067 -0.0391027 -0.0189863 -0.0321719 -0.0164052 -0.0315372 -0.0291393 -0.0203963 -0.0361762 -0.0184903 -0.0411690 -0.0224567 -0.0487519 -0.0022859 -0.0432916 -0.0554735 -0.0572782 -0.0158994 -0.0307480 -0.0314434 -0.0406802 -0.0631912 -0.0332353 -0.1207334 -0.1255456 -0.0476535 -0.0438248 -0.0343167 -0.0824825 -0.0534306 -0.1477109 -0.0580448 -0.0833740 -0.0835490 -0.0834723 -0.0435591 -0.1048451 -0.0529421 -0.1390119
0.1187876 0.1231973 0.0886639 0.8753628 0.0903699 0.0873793 0.0902038 0.0958806 0.0935679 0.0848887 0.0921188 0.0895024 0.0844372 0.0836843 0.0783884 0.0812737 -0.0183842 0.0015656 0.0059605 -0.0082115 -0.0128991 0.0088289 -0.0035245 -0.0024091 0.0200473 0.0120535 0.0206779 0.0129270 0.0150115 0.0080826 0.0178775 0.0080990 0.0126933 0.0152859 0.0052301 0.0182985 0.0110294 0.0129318 0.0152205 0.0090207 0.0092171 0.0026117 0.0066212 -0.0015202 0.0138518 0.0103008 0.0019151 -0.0167970 -0.0586829 -0.0165740 -0.0261543 -0.0365421 -0.0311627 -0.0159016 -0.0237677 -0.0332125 -0.0465742 -0.0336347 -0.0086301 -0.0212419 -0.0114846 -0.0224360 -0.0206615 -0.0118752 -0.0232989 -0.0109765 -0.0378050 -0.0137986 -0.0403172 0.0063379 -0.0377046 -0.0506296 -0.0535323 -0.0145813 -0.0294671 -0.0254747 -0.0357773 -0.0557365 -0.0313578 -0.1129018 -0.1146953 -0.0428858 -0.0370506 -0.0273541 -0.0760155 -0.0530799 -0.1434373 -0.0445360 -0.0782565 -0.0759448 -0.0763949 -0.0346123 -0.1017807 -0.0432244 -0.1312115
0.0993666 0.0963614 0.1430685 0.0903699 0.8872927 0.1537445 0.1581201 0.1554305 0.1114743 0.1019220 0.1069767 0.1067227 0.1043645 0.1027760 0.0867628 0.0926766 -0.0112915 0.0142005 0.0161227 0.0044588 -0.0002665 0.0278167 0.0077401 0.0063134 0.0200196 0.0110803 0.0193029 0.0058126 0.0063533 0.0019144 0.0146804 0.0027643 0.0101330 0.0142125 -0.0025909 0.0186449 0.0066402 0.0061789 0.0142705 0.0069779 0.0132541 -0.0001643 -0.0059046 -0.0027950 0.0121163 0.0072026 -0.0023437 -0.0287876 -0.0629086 -0.0212652 -0.0354391 -0.0361513 -0.0360744 -0.0136452 -0.0347769 -0.0390703 -0.0505986 -0.0403159 -0.0204172 -0.0374444 -0.0195074 -0.0315331 -0.0315311 -0.0217236 -0.0324253 -0.0151872 -0.0436913 -0.0267987 -0.0482516 0.0021909 -0.0444888 -0.0578564 -0.0625672 -0.0152842 -0.0315139 -0.0317288 -0.0401619 -0.0640458 -0.0344677 -0.1240354 -0.1271374 -0.0487064 -0.0471084 -0.0374195 -0.0811394 -0.0548099 -0.1457980 -0.0566838 -0.0839936 -0.0874792 -0.0874538 -0.0429433 -0.1066580 -0.0553875 -0.1362114
0.0947764 0.0933407 0.1364834 0.0873793 0.1537445 0.8745593 0.1490083 0.1486314 0.1095822 0.0987935 0.1041940 0.1040843 0.0995424 0.0973467 0.0860214 0.0928747 -0.0098241 0.0120069 0.0127843 0.0031446 0.0020052 0.0261436 0.0094429 0.0063002 0.0182052 0.0117230 0.0188827 0.0093837 0.0096390 0.0034985 0.0103024 0.0008612 0.0118887 0.0134344 -0.0035158 0.0149632 0.0022774 0.0027581 0.0052532 0.0059360 0.0112682 -0.0002303 -0.0037996 -0.0035128 0.0126100 0.0087186 -0.0011340 -0.0322645 -0.0616974 -0.0237601 -0.0367643 -0.0351789 -0.0356029 -0.0152422 -0.0370292 -0.0348964 -0.0551835 -0.0413109 -0.0210790 -0.0340496 -0.0182234 -0.0339440 -0.0322606 -0.0195909 -0.0339117 -0.0146563 -0.0439610 -0.0293248 -0.0456475 -0.0020362 -0.0460659 -0.0575292 -0.0600418 -0.0155913 -0.0344093 -0.0315354 -0.0378603 -0.0645389 -0.0325913 -0.1180701 -0.1234546 -0.0481592 -0.0445346 -0.0353534 -0.0794510 -0.0518219 -0.1412828 -0.0559816 -0.0788405 -0.0898511 -0.0897029 -0.0417391 -0.1001970 -0.0548027 -0.1291271
0.0982441 0.0970449 0.1575735 0.0902038 0.1581201 0.1490083 0.8667715 0.1609434 0.1108253 0.1057038 0.1094131 0.1104050 0.1035431 0.1028033 0.0871284 0.0944197 -0.0158634 0.0109238 0.0175191 0.0064263 -0.0035806 0.0244047 0.0053295 0.0026244 0.0169885 0.0121770 0.0193934 0.0081290 0.0070465 0.0044503 0.0121616 0.0032709 0.0123583 0.0148640 0.0009976 0.0192830 0.0036744 0.0051926 0.0114306 0.0111646 0.0115042 0.0004539 -0.0055183 -0.0054182 0.0095061 0.0073383 -0.0044555 -0.0298278 -0.0650205 -0.0230428 -0.0352090 -0.0413543 -0.0375927 -0.0164787 -0.0403267 -0.0387248 -0.0503371 -0.0412320 -0.0224255 -0.0390819 -0.0211704 -0.0336561 -0.0338201 -0.0188544 -0.0330105 -0.0141112 -0.0422447 -0.0261326 -0.0522761 -0.0018376 -0.0478268 -0.0604907 -0.0612627 -0.0177660 -0.0329896 -0.0292240 -0.0399994 -0.0644130 -0.0359281 -0.1235218 -0.1280866 -0.0494883 -0.0452087 -0.0383825 -0.0836828 -0.0549516 -0.1519926 -0.0577715 -0.0879754 -0.0877479 -0.0898901 -0.0436447 -0.1090194 -0.0584715 -0.1441019
0.1029574 0.0996281 0.1431605 0.0958806 0.1554305 0.1486314 0.1609434 0.8810058 0.1161201 0.1067927 0.1117188 0.1161647 0.1037905 0.1051583 0.0937132 0.0959957 -0.0111161 0.0115875 0.0195026 0.0061081 -0.0000348 0.0260135 0.0083848 -0.0000922 0.0171117 0.0151684 0.0194227 0.0089197 0.0067417 -0.0004402 0.0130000 0.0030018 0.0120263 0.0147775 -0.0002307 0.0200334 0.0063814 0.0045506 0.0114343 0.0084742 0.0140186 -0.0010102 -0.0046103 -0.0031065 0.0108751 0.0123933 -0.0018993 -0.0276584 -0.0660877 -0.0219818 -0.0386994 -0.0358902 -0.0396841 -0.0156562 -0.0350432 -0.0397447 -0.0537259 -0.0453554 -0.0220461 -0.0348603 -0.0201110 -0.0345862 -0.0336230 -0.0225213 -0.0368294 -0.0135914 -0.0469275 -0.0279435 -0.0493489 0.0025722 -0.0469551 -0.0574493 -0.0613949 -0.0146056 -0.0347538 -0.0316135 -0.0392605 -0.0670854 -0.0373744 -0.1264741 -0.1297483 -0.0517853 -0.0465086 -0.0362582 -0.0818633 -0.0566818 -0.1521551 -0.0533951 -0.0856221 -0.0909721 -0.0918809 -0.0448004 -0.1095021 -0.0551980 -0.1387302
0.1007477 0.0986618 0.1071816 0.0935679 0.1114743 0.1095822 0.1108253 0.1161201 0.9132773 0.1426438 0.1561614 0.1456212 0.1446628 0.1400426 0.0977278 0.1035798 -0.0027172 0.0213953 0.0245542 0.0160873 0.0077325 0.0310975 0.0178765 0.0150262 0.0185185 0.0108214 0.0170861 0.0085772 0.0057123 0.0009514 0.0101268 0.0015514 0.0063892 0.0125755 -0.0041630 0.0163371 0.0055185 0.0034686 0.0063475 0.0032682 0.0116352 -0.0044412 -0.0082844 -0.0005843 0.0151340 0.0088884 -0.0003762 -0.0298130 -0.0609825 -0.0226813 -0.0325792 -0.0411286 -0.0403331 -0.0172512 -0.0316069 -0.0391627 -0.0550430 -0.0381577 -0.0252046 -0.0341397 -0.0225480 -0.0364860 -0.0355934 -0.0229763 -0.0361943 -0.0132015 -0.0450987 -0.0274057 -0.0501112 0.0006672 -0.0478322 -0.0581843 -0.0554846 -0.0182969 -0.0351880 -0.0349308 -0.0474342 -0.0641690 -0.0337191 -0.1210361 -0.1226893 -0.0508596 -0.0507955 -0.0350562 -0.0854791 -0.0580029 -0.1389542 -0.0540232 -0.0846342 -0.0972515 -0.0952958 -0.0446399 -0.1052997 -0.0545300 -0.1363640
0.0926905 0.0930076 0.1004218 0.0848887 0.1019220 0.0987935 0.1057038 0.1067927 0.1426438 0.8841845 0.1439638 0.1460497 0.1538016 0.1406326 0.0909707 0.0971304 -0.0110990 0.0163603 0.0160364 0.0102882 -0.0001053 0.0266252 0.0102008 0.0079530 0.0146137 0.0125522 0.0155247 0.0076646 0.0039097 -0.0001465 0.0055764 0.0001805 0.0080423 0.0126902 -0.0031386 0.0183826 0.0035098 0.0042727 0.0121422 0.0059661 0.0059784 -0.0046950 -0.0064508 -0.0008939 0.0131864 0.0069861 -0.0036722 -0.0265177 -0.0646832 -0.0207154 -0.0337881 -0.0364908 -0.0393872 -0.0138340 -0.0351024 -0.0357226 -0.0503608 -0.0391477 -0.0237403 -0.0321202 -0.0215624 -0.0340731 -0.0338594 -0.0242605 -0.0339475 -0.0144819 -0.0452647 -0.0255348 -0.0495057 -0.0031796 -0.0475543 -0.0566562 -0.0561001 -0.0202175 -0.0361323 -0.0297573 -0.0412344 -0.0640910 -0.0350328 -0.1167982 -0.1189153 -0.0498648 -0.0459920 -0.0329175 -0.0841681 -0.0541399 -0.1393383 -0.0544883 -0.0812899 -0.0911142 -0.0920523 -0.0422833 -0.1020370 -0.0541284 -0.1336218
0.0980014 0.0985591 0.1021532 0.0921188 0.1069767 0.1041940 0.1094131 0.1117188 0.1561614 0.1439638 0.9147471 0.1608652 0.1470900 0.1453970 0.0991049 0.1012715 -0.0020187 0.0207541 0.0277364 0.0157952 0.0110060 0.0335127 0.0205797 0.0130932 0.0152895 0.0080436 0.0147315 0.0092093 0.0050867 -0.0036745 0.0070896 -0.0021740 0.0065487 0.0113766 -0.0032244 0.0162865 0.0058040 0.0014699 0.0091879 0.0030542 0.0115745 -0.0053408 -0.0090325 -0.0024189 0.0126189 0.0084464 -0.0049625 -0.0324121 -0.0613462 -0.0243301 -0.0322347 -0.0380244 -0.0400888 -0.0161028 -0.0340186 -0.0398613 -0.0560979 -0.0366400 -0.0239499 -0.0329110 -0.0268311 -0.0411173 -0.0417400 -0.0234073 -0.0388458 -0.0169071 -0.0450214 -0.0303507 -0.0536231 -0.0045405 -0.0476659 -0.0580257 -0.0578748 -0.0198990 -0.0353381 -0.0349767 -0.0444076 -0.0640025 -0.0370690 -0.1164569 -0.1183797 -0.0526756 -0.0456882 -0.0357972 -0.0848027 -0.0578919 -0.1342188 -0.0547720 -0.0866455 -0.0928763 -0.0924989 -0.0416767 -0.1030079 -0.0537008 -0.1341466
0.1024098 0.0988598 0.1025801 0.0895024 0.1067227 0.1040843 0.1104050 0.1161647 0.1456212 0.1460497 0.1608652 0.8975915 0.1481973 0.1429095 0.0934041 0.1023639 -0.0077155 0.0205605 0.0221361 0.0111844 0.0033535 0.0309557 0.0184028 0.0109311 0.0131137 0.0073647 0.0135400 0.0052831 0.0036339 -0.0007825 0.0064629 -0.0020348 0.0060566 0.0121789 -0.0022703 0.0180990 0.0051852 0.0014107 0.0077897 0.0000177 0.0109447 -0.0061613 -0.0031937 -0.0039598 0.0163578 0.0054492 -0.0020893 -0.0318902 -0.0677197 -0.0241469 -0.0318838 -0.0379680 -0.0375930 -0.0127247 -0.0358954 -0.0404000 -0.0551396 -0.0342679 -0.0226955 -0.0382468 -0.0248347 -0.0376663 -0.0379877 -0.0265395 -0.0363151 -0.0170149 -0.0427813 -0.0298254 -0.0499202 -0.0012606 -0.0454530 -0.0589173 -0.0587391 -0.0248064 -0.0396335 -0.0326843 -0.0454558 -0.0665955 -0.0323839 -0.1172765 -0.1191100 -0.0518307 -0.0483677 -0.0383546 -0.0873279 -0.0579586 -0.1364056 -0.0539104 -0.0854042 -0.0951798 -0.0940609 -0.0459512 -0.1012678 -0.0530164 -0.1375201
0.0896543 0.0919960 0.1003467 0.0844372 0.1043645 0.0995424 0.1035431 0.1037905 0.1446628 0.1538016 0.1470900 0.1481973 0.8863593 0.1482049 0.0941119 0.0985152 -0.0141974 0.0152008 0.0181277 0.0059875 -0.0025788 0.0275202 0.0110500 0.0057402 0.0165849 0.0089863 0.0203000 0.0083390 0.0073194 0.0008910 0.0106131 0.0018485 0.0101834 0.0133090 -0.0048654 0.0192361 0.0079873 0.0059214 0.0113299 0.0033154 0.0067472 -0.0057103 -0.0079651 0.0024049 0.0120881 0.0060812 0.0002706 -0.0296556 -0.0642435 -0.0212246 -0.0359553 -0.0327388 -0.0346501 -0.0193265 -0.0322835 -0.0390060 -0.0531206 -0.0384125 -0.0186365 -0.0342406 -0.0198138 -0.0357711 -0.0338559 -0.0280519 -0.0329010 -0.0128602 -0.0447619 -0.0275447 -0.0489328 -0.0005240 -0.0459773 -0.0558727 -0.0594139 -0.0186003 -0.0353253 -0.0310071 -0.0426968 -0.0642276 -0.0321760 -0.1221740 -0.1210881 -0.0516674 -0.0485313 -0.0365836 -0.0865650 -0.0575466 -0.1419757 -0.0555101 -0.0849770 -0.0922443 -0.0926942 -0.0437183 -0.1056224 -0.0542506 -0.1365786
0.0898879 0.0894812 0.0971505 0.0836843 0.1027760 0.0973467 0.1028033 0.1051583 0.1400426 0.1406326 0.1453970 0.1429095 0.1482049 0.8869007 0.0928951 0.0895748 -0.0055707 0.0190995 0.0236575 0.0073562 0.0005990 0.0294282 0.0125358 0.0109360 0.0166746 0.0064232 0.0147287 0.0081121 0.0060432 -0.0014729 0.0053620 -0.0005123 0.0041609 0.0122756 -0.0025417 0.0174717 0.0070443 0.0025958 0.0064792 0.0074965 0.0099144 -0.0048600 -0.0048583 -0.0004148 0.0116006 0.0095432 -0.0016671 -0.0266357 -0.0625891 -0.0228231 -0.0336904 -0.0399289 -0.0384812 -0.0195577 -0.0325892 -0.0352811 -0.0551344 -0.0386544 -0.0215239 -0.0326011 -0.0216895 -0.0374250 -0.0366864 -0.0211957 -0.0359704 -0.0133567 -0.0430248 -0.0251030 -0.0469406 -0.0034476 -0.0457178 -0.0579395 -0.0564814 -0.0177721 -0.0349220 -0.0292221 -0.0401465 -0.0619075 -0.0338726 -0.1185734 -0.1158533 -0.0526887 -0.0447207 -0.0341592 -0.0863499 -0.0533789 -0.1379652 -0.0524350 -0.0861927 -0.0907539 -0.0902240 -0.0398624 -0.1035911 -0.0454920 -0.1338197
0.0829746 0.0794269 0.0910424 0.0783884 0.0867628 0.0860214 0.0871284 0.0937132 0.0977278 0.0909707 0.0991049 0.0934041 0.0941119 0.0928951 0.8695977 0.0857518 -0.0160431 0.0047718 0.0091938 -0.0080556 -0.0126378 0.0175286 -0.0016602 -0.0047012 0.0179705 0.0136241 0.0226222 0.0125958 0.0111686 0.0088402 0.0188167 0.0056214 0.0134066 0.0151127 0.0054063 0.0195211 0.0095364 0.0128018 0.0137784 0.0134424 0.0044781 0.0019092 -0.0004534 0.0022501 0.0136121 0.0140455 -0.0022903 -0.0150266 -0.0577690 -0.0153347 -0.0260969 -0.0341970 -0.0294434 -0.0115734 -0.0237403 -0.0312585 -0.0438473 -0.0289517 -0.0090084 -0.0252564 -0.0115295 -0.0231061 -0.0235886 -0.0193105 -0.0274778 -0.0153097 -0.0339803 -0.0143981 -0.0421258 0.0030339 -0.0349123 -0.0488590 -0.0493183 -0.0196564 -0.0296895 -0.0284384 -0.0407564 -0.0557259 -0.0327310 -0.1083966 -0.1135319 -0.0379869 -0.0330859 -0.0272659 -0.0725728 -0.0477941 -0.1382942 -0.0469100 -0.0758111 -0.0777684 -0.0764711 -0.0373053 -0.0968432 -0.0461666 -0.1275408
0.0849798 0.0872050 0.0899319 0.0812737 0.0926766 0.0928747 0.0944197 0.0959957 0.1035798 0.0971304 0.1012715 0.1023639 0.0985152 0.0895748 0.0857518 0.8797434 -0.0208735 0.0022153 0.0067345 -0.0001457 -0.0086487 0.0192377 0.0001638 -0.0012977 0.0190238 0.0185926 0.0204715 0.0118754 0.0126471 0.0084925 0.0179611 0.0117401 0.0196047 0.0143235 0.0067392 0.0227621 0.0105536 0.0114484 0.0132780 0.0075186 0.0098301 0.0021389 0.0050917 -0.0012363 0.0118760 0.0137224 0.0035104 -0.0211056 -0.0580381 -0.0185446 -0.0263109 -0.0360476 -0.0323277 -0.0137428 -0.0301668 -0.0343029 -0.0473465 -0.0295712 -0.0141343 -0.0252471 -0.0120588 -0.0250244 -0.0243101 -0.0179648 -0.0251060 -0.0104579 -0.0354368 -0.0192113 -0.0445212 0.0021806 -0.0358934 -0.0522350 -0.0518573 -0.0131103 -0.0305570 -0.0239915 -0.0367032 -0.0604038 -0.0300152 -0.1095012 -0.1129310 -0.0405608 -0.0407931 -0.0296030 -0.0740206 -0.0520476 -0.1398967 -0.0471998 -0.0738641 -0.0824376 -0.0807193 -0.0357152 -0.0793820 -0.0513618 -0.1322360
-0.0063716 -0.0193080 -0.0124936 -0.0183842 -0.0112915 -0.0098241 -0.0158634 -0.0111161 -0.0027172 -0.0110990 -0.0020187 -0.0077155 -0.0141974 -0.0055707 -0.0160431 -0.0208735 1.1487883 0.1141538 0.1135241 0.1547570 0.1657777 0.1164081 0.1385933 0.1527696 -0.0706314 -0.0665218 -0.0704175 -0.0573000 -0.0758580 -0.0826676 -0.0926527 -0.0847681 -0.0851559 -0.0468048 -0.0466424 -0.0770621 -0.0574332 -0.0646083 -0.0690546 -0.0678181 -0.0190031 -0.0408482 -0.0709672 -0.0386184 -0.0377942 -0.0567487 -0.0388822 -0.0842809 0.0615174 -0.0308898 -0.0059349 0.0176409 -0.0308894 -0.0104775 -0.0181927 0.0043619 0.0141684 -0.0047714 -0.0822306 -0.0208768 -0.0833791 -0.0928230 -0.0920416 -0.0492034 -0.0443205 -0.0448720 -0.0331764 -0.0807569 -0.0387215 -0.0594931 -0.0276088 0.0211419 0.0166407 -0.0098703 -0.0170123 -0.0242890 0.0023678 0.0240398 0.0104095 0.1108020 0.1188139 -0.0169807 0.0050782 -0.0209031 0.0458996 0.0039719 0.2035545 0.0086473 0.0665920 -0.0091282 -0.0086498 -0.0256661 0.1360387 0.0068904 0.1620323
0.0114930 0.0065850 0.0064264 0.0015656 0.0142005 0.0120069 0.0109238 0.0115875 0.0213953 0.0163603 0.0207541 0.0205605 0.0152008 0.0190995 0.0047718 0.0022153 0.1141538 1.0716532 0.1110110 0.1279900 0.1319158 0.1159164 0.1245526 0.1172655 -0.0518100 -0.0566400 -0.0546413 -0.0522237 -0.0558362 -0.0719818 -0.0737931 -0.0691460 -0.0644825 -0.0371418 -0.0490762 -0.0630824 -0.0506403 -0.0597708 -0.0578005 -0.0602942 -0.0169247 -0.0479945 -0.0554452 -0.0297795 -0.0212012 -0.0511119 -0.0419907 -0.0734395 0.0273791 -0.0306826 -0.0092544 -0.0125436 -0.0290215 -0.0076969 -0.0400357 -0.0073253 -0.0031734 -0.0060461 -0.0688298 -0.0236711 -0.0796741 -0.0874268 -0.0869080 -0.0445215 -0.0400142 -0.0444339 -0.0341077 -0.0692348 -0.0502216 -0.0496545 -0.0336929 0.0056495 0.0001840 -0.0149021 -0.0230999 -0.0099008 -0.0096338 0.0181129 0.0028493 0.0637881 0.0680322 -0.0229787 -0.0022889 -0.0253227 0.0189677 0.0057554 0.1399312 -0.0123030 0.0310928 -0.0160827 -0.0149193 -0.0162246 0.0986973 -0.0168634 0.1143726
0.0144132 0.0082911 0.0153583 0.0059605 0.0161227 0.0127843 0.0175191 0.0195026 0.0245542 0.0160364 0.0277364 0.0221361 0.0181277 0.0236575 0.0091938 0.0067345 0.1135241 0.1110110 1.0658491 0.1257361 0.1380040 0.1109591 0.1189628 0.1144298 -0.0511595 -0.0460354 -0.0448451 -0.0504956 -0.0536758 -0.0701736 -0.0656553 -0.0637284 -0.0622514 -0.0347976 -0.0472467 -0.0507036 -0.0523562 -0.0585770 -0.0555457 -0.0528847 -0.0221987 -0.0422672 -0.0576341 -0.0296773 -0.0113593 -0.0449904 -0.0409225 -0.0682704 0.0329925 -0.0244763 -0.0096622 -0.0096768 -0.0213302 -0.0127085 -0.0327929 0.0015200 -0.0148293 -0.0143251 -0.0676457 -0.0186535 -0.0788384 -0.0797635 -0.0806046 -0.0407981 -0.0439981 -0.0454360 -0.0351064 -0.0640460 -0.0572057 -0.0479405 -0.0389767 -0.0076925 -0.0079236 -0.0136666 -0.0246031 -0.0189564 -0.0086790 0.0052224 -0.0045286 0.0609144 0.0733444 -0.0294182 -0.0022109 -0.0341267 0.0116529 -0.0029806 0.1243838 -0.0100620 0.0101473 -0.0183266 -0.0197287 -0.0192933 0.0884524 -0.0174318 0.0926625
0.0031929 -0.0010463 -0.0014240 -0.0082115 0.0044588 0.0031446 0.0064263 0.0061081 0.0160873 0.0102882 0.0157952 0.0111844 0.0059875 0.0073562 -0.0080556 -0.0001457 0.1547570 0.1279900 0.1257361 1.1385945 0.1508440 0.1412890 0.1647547 0.1373316 -0.0630763 -0.0603305 -0.0649444 -0.0615685 -0.0723308 -0.0838761 -0.0880817 -0.0785291 -0.0759639 -0.0452391 -0.0544045 -0.0708738 -0.0507842 -0.0695909 -0.0646705 -0.0679404 -0.0337479 -0.0540901 -0.0720871 -0.0367371 -0.0295615 -0.0658456 -0.0558250 -0.0746494 0.0467545 -0.0225799 -0.0020892 0.0095145 -0.0136624 -0.0143620 -0.0363995 -0.0152814 -0.0051627 -0.0025068 -0.0788353 -0.0145870 -0.0871721 -0.0935661 -0.0925079 -0.0547691 -0.0436912 -0.0516514 -0.0348646 -0.0714599 -0.0583270 -0.0534113 -0.0398586 0.0021218 0.0029674 0.0002497 -0.0161842 -0.0297049 -0.0072862 0.0167286 -0.0040738 0.0889879 0.0748906 -0.0306043 -0.0228084 -0.0171965 0.0124795 -0.0020309 0.1802058 0.0021862 0.0507844 -0.0037387 -0.0033028 -0.0145518 0.1243870 -0.0316868 0.1397766
0.0009229 -0.0096723 -0.0050333 -0.0128991 -0.0002665 0.0020052 -0.0035806 -0.0000348 0.0077325 -0.0001053 0.0110060 0.0033535 -0.0025788 0.0005990 -0.0126378 -0.0086487 0.1657777 0.1319158 0.1380040 0.1508440 1.1911272 0.1458473 0.1607751 0.1579113 -0.0721783 -0.0642638 -0.0636128 -0.0685551 -0.0777080 -0.0988240 -0.0905461 -0.0874552 -0.0877362 -0.0504334 -0.0592225 -0.0801402 -0.0739013 -0.0739970 -0.0746112 -0.0709765 -0.0236165 -0.0544695 -0.0784700 -0.0408467 -0.0313520 -0.0659172 -0.0508992 -0.0968829 0.0629363 -0.0254206 -0.0098119 0.0211134 -0.0155249 -0.0230388 -0.0437353 -0.0008862 0.0017903 -0.0155725 -0.0927953 -0.0286611 -0.0976426 -0.0970474 -0.0967913 -0.0478913 -0.0496387 -0.0574716 -0.0358640 -0.0954831 -0.0517232 -0.0609101 -0.0288374 0.0169055 0.0095453 -0.0105056 -0.0187180 -0.0356322 0.0016303 0.0414010 -0.0012323 0.1069225 0.1146634 -0.0281740 -0.0065706 -0.0155012 0.0303373 -0.0036802 0.2131644 0.0069674 0.0668550 -0.0055970 -0.0066980 -0.0103050 0.1492078 0.0053186 0.1623999
0.0254909 0.0158237 0.0200081 0.0088289 0.0278167 0.0261436 0.0244047 0.0260135 0.0310975 0.0266252 0.0335127 0.0309557 0.0275202 0.0294282 0.0175286 0.0192377 0.1164081 0.1159164 0.1109591 0.1412890 0.1458473 1.0908135 0.1388852 0.1379187 -0.0592560 -0.0466731 -0.0540537 -0.0477909 -0.0654685 -0.0786125 -0.0752383 -0.0699902 -0.0681866 -0.0380222 -0.0461551 -0.0585747 -0.0560405 -0.0574549 -0.0628642 -0.0570763 -0.0269922 -0.0531492 -0.0624339 -0.0323497 -0.0251795 -0.0569182 -0.0477037 -0.0773611 0.0343542 -0.0327434 -0.0072764 0.0032829 -0.0132369 -0.0192327 -0.0460687 -0.0139004 -0.0183437 -0.0070083 -0.0661484 -0.0188036 -0.0886877 -0.0844208 -0.0842386 -0.0520075 -0.0591086 -0.0506254 -0.0441042 -0.0747108 -0.0580253 -0.0488110 -0.0459266 -0.0068683 -0.0096423 -0.0145118 -0.0263755 -0.0278936 -0.0098834 0.0214910 0.0149147 0.0617792 0.0562297 -0.0376012 -0.0215461 -0.0195053 0.0032392 -0.0058777 0.1296045 -0.0105442 0.0219744 -0.0190940 -0.0185874 -0.0222405 0.0932074 -0.0247386 0.0999703
0.0062027 0.0004572 0.0040054 -0.0035245 0.0077401 0.0094429 0.0053295 0.0083848 0.0178765 0.0102008 0.0205797 0.0184028 0.0110500 0.0125358 -0.0016602 0.0001638 0.1385933 0.1245526 0.1189628 0.1647547 0.1607751 0.1388852 1.1293540 0.1449360 -0.0656268 -0.0638087 -0.0649492 -0.0626357 -0.0711466 -0.0844780 -0.0791848 -0.0753413 -0.0752151 -0.0438803 -0.0549885 -0.0759513 -0.0661588 -0.0679448 -0.0724856 -0.0671768 -0.0215328 -0.0495826 -0.0686618 -0.0336365 -0.0319798 -0.0579433 -0.0509687 -0.0826674 0.0386310 -0.0235164 -0.0007359 0.0090391 -0.0197696 -0.0142438 -0.0395731 -0.0036566 -0.0127351 0.0103189 -0.0723143 -0.0198264 -0.0926698 -0.0909612 -0.0913815 -0.0578009 -0.0533191 -0.0467180 -0.0398646 -0.0799579 -0.0535210 -0.0544239 -0.0417694 0.0064366 -0.0055216 -0.0032285 -0.0266593 -0.0308597 -0.0020557 0.0177094 0.0066885 0.0951796 0.0869633 -0.0273654 -0.0120288 -0.0150238 0.0260195 0.0006375 0.1723571 0.0099821 0.0534842 -0.0132103 -0.0125625 -0.0196098 0.1212203 -0.0163068 0.1440357
0.0108920 -0.0047910 0.0004690 -0.0024091 0.0063134 0.0063002 0.0026244 -0.0000922 0.0150262 0.0079530 0.0130932 0.0109311 0.0057402 0.0109360 -0.0047012 -0.0012977 0.1527696 0.1172655 0.1144298 0.1373316 0.1579113 0.1379187 0.1449360 1.1175275 -0.0601282 -0.0487890 -0.0615432 -0.0521316 -0.0645692 -0.0792088 -0.0810448 -0.0670273 -0.0790369 -0.0424938 -0.0570775 -0.0662954 -0.0571547 -0.0617927 -0.0634693 -0.0653480 -0.0192392 -0.0493894 -0.0665320 -0.0328770 -0.0227620 -0.0544754 -0.0411361 -0.0864854 0.0347745 -0.0278210 -0.0014104 0.0156647 -0.0266063 -0.0126473 -0.0257231 -0.0071522 -0.0032153 -0.0069260 -0.0762024 -0.0318770 -0.0819069 -0.0864438 -0.0868335 -0.0561824 -0.0494301 -0.0531852 -0.0373424 -0.0828128 -0.0460173 -0.0465629 -0.0313084 0.0111550 0.0066082 -0.0153172 -0.0252392 -0.0212660 -0.0020989 0.0247625 -0.0056086 0.0836076 0.0754967 -0.0302026 -0.0120516 -0.0260580 0.0306000 -0.0066513 0.1676432 -0.0070994 0.0326176 -0.0031027 -0.0045566 -0.0227965 0.1118457 -0.0099845 0.1275766
0.0168321 0.0192549 0.0163808 0.0200473 0.0200196 0.0182052 0.0169885 0.0171117 0.0185185 0.0146137 0.0152895 0.0131137 0.0165849 0.0166746 0.0179705 0.0190238 -0.0706314 -0.0518100 -0.0511595 -0.0630763 -0.0721783 -0.0592560 -0.0656268 -0.0601282 0.8430411 0.0294785 0.0366295 0.0498007 0.0647356 0.0776903 0.0759734 0.0531034 0.0343274 0.0244752 0.0215067 0.0355575 0.0235204 0.0271583 0.0211566 0.0298935 0.0051391 0.0146413 0.0247333 0.0091486 0.0143973 0.0274784 0.0121141 0.0188792 -0.0465609 -0.0071021 -0.0178346 -0.0218191 -0.0157509 -0.0049795 -0.0080409 -0.0147836 -0.0191361 -0.0186990 0.0190996 -0.0067316 0.0199008 0.0149080 0.0168994 0.0111727 0.0041556 0.0138059 -0.0041180 0.0162845 0.0055630 0.0242479 -0.0061141 -0.0287998 -0.0306570 -0.0092085 -0.0107761 -0.0032093 -0.0227357 -0.0368932 -0.0244971 -0.0807214 -0.0948718 -0.0085497 -0.0103654 -0.0037465 -0.0483252 -0.0264437 -0.1354352 -0.0198184 -0.0563107 -0.0360802 -0.0371558 -0.0095328 -0.0996556 -0.0164310 -0.1167472
0.0121966 0.0111884 0.0105746 0.0120535 0.0110803 0.0117230 0.0121770 0.0151684 0.0108214 0.0125522 0.0080436 0.0073647 0.0089863 0.0064232 0.0136241 0.0185926 -0.0665218 -0.0566400 -0.0460354 -0.0603305 -0.0642638 -0.0466731 -0.0638087 -0.0487890 0.0294785 0.8535321 0.0695867 0.0199532 0.0395702 0.0307498 0.0409824 0.0314132 0.0314781 0.0217906 0.0134044 0.0338833 0.0207480 0.0235022 0.0236135 0.0291559 0.0037572 0.0165268 0.0191411 0.0025881 0.0067448 0.0249338 0.0138080 0.0135309 -0.0392931 0.0022384 -0.0084475 -0.0188107 -0.0005700 0.0016911 0.0069955 -0.0176326 -0.0150190 -0.0109683 0.0215369 -0.0013208 0.0339977 0.0254416 0.0259839 0.0075106 0.0064147 0.0101482 -0.0073231 0.0134913 -0.0046632 0.0142242 -0.0078116 -0.0274482 -0.0161677 -0.0052747 -0.0021253 -0.0084466 -0.0161020 -0.0370308 -0.0147150 -0.0658105 -0.0753607 -0.0012261 -0.0154513 -0.0006039 -0.0353888 -0.0138215 -0.1287323 -0.0157413 -0.0469556 -0.0296931 -0.0278626 -0.0042825 -0.0809113 -0.0194002 -0.1010174
0.0149150 0.0177750 0.0208032 0.0206779 0.0193029 0.0188827 0.0193934 0.0194227 0.0170861 0.0155247 0.0147315 0.0135400 0.0203000 0.0147287 0.0226222 0.0204715 -0.0704175 -0.0546413 -0.0448451 -0.0649444 -0.0636128 -0.0540537 -0.0649492 -0.0615432 0.0366295 0.0695867 0.8504432 0.0300805 0.0357326 0.0413898 0.0412588 0.0402351 0.0333582 0.0232293 0.0180953 0.0286078 0.0259391 0.0230708 0.0253725 0.0323125 0.0045868 0.0178647 0.0229772 0.0102350 0.0103278 0.0203998 0.0145514 0.0190095 -0.0467772 -0.0020021 -0.0204652 -0.0168649 -0.0122327 -0.0074334 -0.0033487 -0.0216134 -0.0192483 -0.0083435 0.0173073 0.0036420 0.0273754 0.0217133 0.0208773 0.0177318 0.0098950 0.0050297 -0.0030934 0.0162135 0.0009969 0.0209308 -0.0012629 -0.0306410 -0.0295947 -0.0056993 -0.0033366 -0.0026440 -0.0207630 -0.0374055 -0.0193434 -0.0847991 -0.0917162 -0.0058782 -0.0114830 -0.0049309 -0.0387913 -0.0212339 -0.1323140 -0.0236263 -0.0502260 -0.0367950 -0.0354540 -0.0078871 -0.0918078 -0.0144598 -0.1081661
0.0015280 0.0088928 0.0098288 0.0129270 0.0058126 0.0093837 0.0081290 0.0089197 0.0085772 0.0076646 0.0092093 0.0052831 0.0083390 0.0081121 0.0125958 0.0118754 -0.0573000 -0.0522237 -0.0504956 -0.0615685 -0.0685551 -0.0477909 -0.0626357 -0.0521316 0.0498007 0.0199532 0.0300805 0.8630401 0.0658017 0.0489056 0.0436640 0.0566276 0.0170483 0.0208153 0.0105245 0.0275644 0.0242819 0.0214889 0.0220102 0.0129587 0.0162923 0.0165741 0.0219001 0.0066443 0.0060644 0.0309432 0.0291861 0.0211346 -0.0434413 -0.0068074 -0.0023810 -0.0125630 -0.0024847 0.0107961 0.0034196 -0.0238207 -0.0115917 -0.0144354 0.0210043 -0.0051276 0.0259039 0.0240059 0.0228259 0.0106071 0.0060757 0.0065540 -0.0124963 0.0201989 0.0000421 0.0197386 -0.0047368 -0.0182868 -0.0096874 -0.0089123 -0.0079745 -0.0026626 -0.0181521 -0.0354983 -0.0194634 -0.0724708 -0.0726692 -0.0062386 -0.0108229 -0.0062396 -0.0401112 -0.0187848 -0.1146940 -0.0188798 -0.0573937 -0.0329404 -0.0319164 -0.0157508 -0.0871459 -0.0168199 -0.0977318
0.0069067 0.0107705 0.0071689 0.0150115 0.0063533 0.0096390 0.0070465 0.0067417 0.0057123 0.0039097 0.0050867 0.0036339 0.0073194 0.0060432 0.0111686 0.0126471 -0.0758580 -0.0558362 -0.0536758 -0.0723308 -0.0777080 -0.0654685 -0.0711466 -0.0645692 0.0647356 0.0395702 0.0357326 0.0658017 0.8599283 0.0625558 0.0546991 0.0716524 0.0270150 0.0238689 0.0148541 0.0295566 0.0228351 0.0292698 0.0260544 0.0219440 0.0095287 0.0070489 0.0237611 0.0061235 0.0065710 0.0233091 0.0127478 0.0199263 -0.0303514 -0.0040190 -0.0082546 -0.0276607 -0.0000935 0.0062310 0.0003143 -0.0184153 -0.0125932 -0.0061098 0.0242070 -0.0020934 0.0344185 0.0297763 0.0310341 0.0189593 0.0069304 0.0121553 -0.0065689 0.0186873 -0.0012190 0.0237818 -0.0027632 -0.0210441 -0.0201405 -0.0057082 -0.0070320 -0.0037985 -0.0158010 -0.0372733 -0.0146473 -0.0723777 -0.0772718 -0.0014981 -0.0150810 -0.0010327 -0.0404000 -0.0268854 -0.1285893 -0.0236192 -0.0479133 -0.0284423 -0.0290801 -0.0121144 -0.0920567 -0.0178580 -0.1039869
-0.0018108 0.0072418 0.0053274 0.0080826 0.0019144 0.0034985 0.0044503 -0.0004402 0.0009514 -0.0001465 -0.0036745 -0.0007825 0.0008910 -0.0014729 0.0088402 0.0084925 -0.0826676 -0.0719818 -0.0701736 -0.0838761 -0.0988240 -0.0786125 -0.0844780 -0.0792088 0.0776903 0.0307498 0.0413898 0.0489056 0.0625558 0.8616131 0.0780416 0.0592827 0.0269417 0.0269892 0.0223368 0.0350557 0.0297671 0.0417933 0.0256246 0.0360520 0.0046895 0.0202246 0.0346524 0.0129960 0.0130447 0.0275512 0.0219958 0.0384677 -0.0430293 -0.0035699 -0.0133895 -0.0150120 -0.0020115 0.0007779 0.0107533 -0.0176805 -0.0178948 -0.0105129 0.0239951 -0.0022880 0.0423689 0.0384396 0.0380928 0.0255035 0.0096906 0.0174839 0.0021954 0.0374069 0.0163320 0.0320102 0.0057043 -0.0265724 -0.0156657 -0.0113552 -0.0092380 0.0108956 -0.0210731 -0.0347347 -0.0194491 -0.0815735 -0.0844837 0.0046688 -0.0056829 -0.0046770 -0.0357237 -0.0160216 -0.1407602 -0.0171686 -0.0544278 -0.0274504 -0.0264068 -0.0083174 -0.0984830 -0.0122251 -0.1155318
0.0092641 0.0126426 0.0150634 0.0178775 0.0146804 0.0103024 0.0121616 0.0130000 0.0101268 0.0055764 0.0070896 0.0064629 0.0106131 0.0053620 0.0188167 0.0179611 -0.0926527 -0.0737931 -0.0656553 -0.0880817 -0.0905461 -0.0752383 -0.0791848 -0.0810448 0.0759734 0.0409824 0.0412588 0.0436640 0.0546991 0.0780416 0.8471876 0.0553047 0.0359726 0.0297956 0.0230319 0.0439865 0.0344489 0.0378954 0.0368568 0.0365148 0.0085783 0.0184349 0.0376217 0.0133865 0.0168075 0.0367904 0.0203311 0.0346855 -0.0567625 0.0030689 -0.0130985 -0.0132197 -0.0032945 0.0005468 0.0064059 -0.0151586 -0.0232894 -0.0151741 0.0390955 -0.0012531 0.0355834 0.0321710 0.0331202 0.0140534 0.0126526 0.0147359 -0.0028994 0.0331783 0.0107941 0.0356534 0.0000110 -0.0326231 -0.0224574 -0.0040923 -0.0018785 -0.0028125 -0.0211900 -0.0412256 -0.0228849 -0.0893837 -0.0999922 -0.0040039 -0.0146333 0.0012630 -0.0490760 -0.0246574 -0.1502820 -0.0209622 -0.0593082 -0.0301895 -0.0308046 -0.0092655 -0.1147069 -0.0074588 -0.1285161
0.0028760 0.0077886 0.0003175 0.0080990 0.0027643 0.0008612 0.0032709 0.0030018 0.0015514 0.0001805 -0.0021740 -0.0020348 0.0018485 -0.0005123 0.0056214 0.0117401 -0.0847681 -0.0691460 -0.0637284 -0.0785291 -0.0874552 -0.0699902 -0.0753413 -0.0670273 0.0531034 0.0314132 0.0402351 0.0566276 0.0716524 0.0592827 0.0553047 0.8650416 0.0350786 0.0242342 0.0127232 0.0362988 0.0265710 0.0305944 0.0298810 0.0236442 0.0033668 0.0152227 0.0240129 0.0104682 0.0074801 0.0296683 0.0174074 0.0242792 -0.0419596 0.0001528 -0.0134657 -0.0122073 -0.0074242 0.0062626 0.0057489 -0.0127385 -0.0137954 -0.0036702 0.0216849 0.0043177 0.0361346 0.0396471 0.0396753 0.0128183 0.0084914 0.0120090 0.0076622 0.0235718 0.0108263 0.0237423 0.0102683 -0.0197289 -0.0172828 -0.0095057 -0.0085121 0.0097277 -0.0123426 -0.0325182 -0.0219746 -0.0676958 -0.0761386 -0.0002300 -0.0145219 -0.0041757 -0.0347738 -0.0215767 -0.1223105 -0.0226124 -0.0426313 -0.0334452 -0.0339804 -0.0092338 -0.0855404 -0.0044724 -0.1016499
0.0072824 0.0090137 0.0143272 0.0126933 0.0101330 0.0118887 0.0123583 0.0120263 0.0063892 0.0080423 0.0065487 0.0060566 0.0101834 0.0041609 0.0134066 0.0196047 -0.0851559 -0.0644825 -0.0622514 -0.0759639 -0.0877362 -0.0681866 -0.0752151 -0.0790369 0.0343274 0.0314781 0.0333582 0.0170483 0.0270150 0.0269417 0.0359726 0.0350786 0.8392408 0.0256356 0.0277866 0.0468665 0.0289003 0.0412439 0.0401700 0.0417628 0.0091946 0.0229490 0.0337108 0.0130421 0.0159266 0.0236759 0.0133447 0.0329857 -0.0437365 0.0095147 -0.0096695 -0.0214116 -0.0031343 -0.0001647 0.0028088 -0.0150640 -0.0146114 -0.0115095 0.0351548 -0.0056672 0.0333190 0.0320639 0.0326524 0.0187847 0.0133443 0.0150333 0.0037165 0.0295023 0.0061198 0.0263851 0.0005742 -0.0247694 -0.0236143 -0.0016822 -0.0029556 -0.0011424 -0.0176818 -0.0349102 -0.0204949 -0.0787404 -0.0803609 -0.0047807 -0.0111196 -0.0022928 -0.0394767 -0.0140786 -0.1409203 -0.0138054 -0.0491710 -0.0246285 -0.0261770 -0.0090507 -0.1023060 -0.0176358 -0.1038029
0.0121725 0.0144902 0.0149200 0.0152859 0.0142125 0.0134344 0.0148640 0.0147775 0.0125755 0.0126902 0.0113766 0.0121789 0.0133090 0.0122756 0.0151127 0.0143235 -0.0468048 -0.0371418 -0.0347976 -0.0452391 -0.0504334 -0.0380222 -0.0438803 -0.0424938 0.0244752 0.0217906 0.0232293 0.0208153 0.0238689 0.0269892 0.0297956 0.0242342 0.0256356 0.9499450 0.0165030 0.0257059 0.0208469 0.0226202 0.0227946 0.0224228 0.0090141 0.0144723 0.0217767 0.0092468 0.0102292 0.0194836 0.0143259 0.0235258 -0.0274401 0.0034650 -0.0036154 -0.0098494 0.0003528 0.0018721 0.0049912 -0.0084046 -0.0091649 -0.0051187 0.0236027 0.0013824 0.0264910 0.0249943 0.0251571 0.0117868 0.0098384 0.0123538 0.0021518 0.0232877 0.0063454 0.0180810 0.0017010 -0.0146761 -0.0124529 0.0001432 0.0007114 0.0011798 -0.0081517 -0.0213384 -0.0082013 -0.0541029 -0.0572226 -0.0004584 -0.0063210 0.0022848 -0.0241195 -0.0112799 -0.0897885 -0.0093245 -0.0323383 -0.0150647 -0.0149259 -0.0031861 -0.0615197 -0.0074840 -0.0728404
-0.0012554 0.0028217 0.0013048 0.0052301 -0.0025909 -0.0035158 0.0009976 -0.0002307 -0.0041630 -0.0031386 -0.0032244 -0.0022703 -0.0048654 -0.0025417 0.0054063 0.0067392 -0.0466424 -0.0490762 -0.0472467 -0.0544045 -0.0592225 -0.0461551 -0.0549885 -0.0570775 0.0215067 0.0134044 0.0180953 0.0105245 0.0148541 0.0223368 0.0230319 0.0127232 0.0277866 0.0165030 0.8779503 0.0265871 0.0226555 0.0227606 0.0149106 0.0226796 -0.0009353 0.0043889 0.0224967 -0.0048672 0.0040172 0.0086677 0.0072390 0.0178224 -0.0249317 -0.0013370 -0.0027755 -0.0155330 0.0000381 0.0003102 0.0011551 -0.0108232 -0.0003195 0.0026972 0.0185327 0.0034546 0.0192598 0.0157454 0.0154847 0.0102709 0.0048491 0.0092243 -0.0019742 0.0179997 0.0040110 0.0194957 0.0020027 -0.0120913 -0.0181616 -0.0034977 -0.0042332 0.0005471 -0.0041370 -0.0165271 -0.0031133 -0.0521198 -0.0531051 0.0019399 0.0020852 0.0054380 -0.0169723 -0.0110199 -0.0875628 -0.0124702 -0.0229682 -0.0188222 -0.0190447 -0.0025506 -0.0642449 -0.0023751 -0.0667195
0.0139847 0.0175156 0.0209823 0.0182985 0.0186449 0.0149632 0.0192830 0.0200334 0.0163371 0.0183826 0.0162865 0.0180990 0.0192361 0.0174717 0.0195211 0.0227621 -0.0770621 -0.0630824 -0.0507036 -0.0708738 -0.0801402 -0.0585747 -0.0759513 -0.0662954 0.0355575 0.0338833 0.0286078 0.0275644 0.0295566 0.0350557 0.0439865 0.0362988 0.0468665 0.0257059 0.0265871 0.8513161 0.0365142 0.0349461 0.0380168 0.0355444 0.0096201 0.0168817 0.0330331 0.0092003 0.0121044 0.0254526 0.0192588 0.0227267 -0.0417882 0.0039130 -0.0101996 -0.0213684 -0.0000061 0.0000615 -0.0016493 -0.0068093 -0.0212645 -0.0143985 0.0328232 -0.0058015 0.0337827 0.0341876 0.0333593 0.0128056 0.0161649 0.0199361 -0.0022780 0.0239969 0.0053368 0.0315903 -0.0058777 -0.0246060 -0.0216493 -0.0073808 -0.0027885 -0.0024107 -0.0182965 -0.0353004 -0.0185731 -0.0912966 -0.0931338 -0.0031145 -0.0114360 -0.0040491 -0.0429712 -0.0272430 -0.1427765 -0.0202890 -0.0587435 -0.0352429 -0.0349773 -0.0119973 -0.1049196 -0.0214409 -0.1221032
0.0071997 0.0074760 0.0097936 0.0110294 0.0066402 0.0022774 0.0036744 0.0063814 0.0055185 0.0035098 0.0058040 0.0051852 0.0079873 0.0070443 0.0095364 0.0105536 -0.0574332 -0.0506403 -0.0523562 -0.0507842 -0.0739013 -0.0560405 -0.0661588 -0.0571547 0.0235204 0.0207480 0.0259391 0.0242819 0.0228351 0.0297671 0.0344489 0.0265710 0.0289003 0.0208469 0.0226555 0.0365142 0.8589789 0.0276716 0.0338222 0.0278358 -0.0002777 0.0072136 0.0238326 0.0025232 0.0124626 0.0166558 0.0069248 0.0198372 -0.0352569 -0.0005814 -0.0081318 -0.0096525 -0.0054665 0.0024054 0.0078847 -0.0204948 -0.0167275 -0.0097355 0.0282254 0.0013451 0.0237737 0.0218809 0.0231976 0.0082405 0.0162988 0.0104244 0.0012503 0.0197948 0.0072487 0.0269424 -0.0013998 -0.0164896 -0.0158085 -0.0021431 0.0014396 0.0009637 -0.0110555 -0.0322710 -0.0171715 -0.0818041 -0.0840323 -0.0043360 -0.0150393 0.0029540 -0.0274457 -0.0207053 -0.1156528 -0.0085237 -0.0361524 -0.0247519 -0.0239475 -0.0070329 -0.0860055 -0.0095149 -0.0951153
0.0044915 0.0098134 0.0045090 0.0129318 0.0061789 0.0027581 0.0051926 0.0045506 0.0034686 0.0042727 0.0014699 0.0014107 0.0059214 0.0025958 0.0128018 0.0114484 -0.0646083 -0.0597708 -0.0585770 -0.0695909 -0.0739970 -0.0574549 -0.0679448 -0.0617927 0.0271583 0.0235022 0.0230708 0.0214889 0.0292698 0.0417933 0.0378954 0.0305944 0.0412439 0.0226202 0.0227606 0.0349461 0.0276716 0.8679639 0.0328338 0.0368431 0.0038874 0.0193678 0.0338217 0.0089215 0.0081058 0.0232770 0.0174977 0.0246177 -0.0376493 0.0059151 -0.0049575 -0.0098457 -0.0015613 -0.0018075 0.0096871 -0.0117096 -0.0155738 -0.0060813 0.0282323 -0.0068905 0.0305483 0.0283091 0.0282570 0.0135412 0.0085549 0.0171733 0.0040154 0.0236564 0.0130216 0.0303403 0.0003822 -0.0263285 -0.0146917 -0.0004890 -0.0013525 -0.0042100 -0.0158185 -0.0208404 -0.0120444 -0.0745267 -0.0878300 0.0001980 -0.0126835 0.0063063 -0.0283951 -0.0230983 -0.1199633 -0.0127613 -0.0402424 -0.0149315 -0.0153808 -0.0108827 -0.0901971 -0.0123311 -0.0999014
0.0103267 0.0116487 0.0131729 0.0152205 0.0142705 0.0052532 0.0114306 0.0114343 0.0063475 0.0121422 0.0091879 0.0077897 0.0113299 0.0064792 0.0137784 0.0132780 -0.0690546 -0.0578005 -0.0555457 -0.0646705 -0.0746112 -0.0628642 -0.0724856 -0.0634693 0.0211566 0.0236135 0.0253725 0.0220102 0.0260544 0.0256246 0.0368568 0.0298810 0.0401700 0.0227946 0.0149106 0.0380168 0.0338222 0.0328338 0.8475783 0.0317165 0.0031582 0.0109459 0.0229696 0.0130839 0.0067899 0.0301934 0.0140187 0.0286582 -0.0470796 0.0056899 -0.0061764 -0.0075266 -0.0052261 -0.0007123 0.0116769 -0.0102693 -0.0115703 -0.0165645 0.0265002 -0.0109130 0.0309171 0.0254801 0.0248844 0.0169279 0.0134545 0.0133310 -0.0040347 0.0258409 0.0018266 0.0149791 -0.0063442 -0.0263089 -0.0242203 -0.0030186 -0.0014533 -0.0052759 -0.0073907 -0.0357135 -0.0122793 -0.0678983 -0.0764205 -0.0082717 -0.0183455 0.0047766 -0.0409844 -0.0165112 -0.1302513 -0.0191472 -0.0522015 -0.0210544 -0.0217091 -0.0055731 -0.0926471 -0.0214902 -0.0962658
