0.2044401 0.7937669 0.0017931
0.2317352 0.7681625 0.0001022
0.1773952 0.8225027 0.0001021
0.2766188 0.7232789 0.0001022
0.1544727 0.8454251 0.0001021
0.1584491 0.8414487 0.0001022
0.1426523 0.8572457 0.0001020
0.1398996 0.8599984 0.0001020
0.1275544 0.8723434 0.0001022
0.1426596 0.8572382 0.0001022
0.1189988 0.8808990 0.0001022
0.1153117 0.8845862 0.0001021
0.1420350 0.8578629 0.0001021
0.1424255 0.8574723 0.0001022
0.2760088 0.7238889 0.0001023
0.2579542 0.7419435 0.0001023
0.0001009 0.4472977 0.5526015
0.0001011 0.5431989 0.4567000
0.0001013 0.5681867 0.4317119
0.0000996 0.5083156 0.4915849
0.0000987 0.4610206 0.5388807
0.0000996 0.5757717 0.4241287
0.0000996 0.5111733 0.4887271
0.0001003 0.5070200 0.4928796
0.7324108 0.2674873 0.0001018
0.7322537 0.2544448 0.0133015
0.7271352 0.2727629 0.0001019
0.7472773 0.2402692 0.0124535
0.7834469 0.2164512 0.0001019
0.8463767 0.1535217 0.0001016
0.8145371 0.1853614 0.0001015
0.8183872 0.1815110 0.0001018
0.7962002 0.2036981 0.0001018
0.6615067 0.2655025 0.0729909
0.7264683 0.2002466 0.0732851
0.7500071 0.2498911 0.0001018
0.7596378 0.2262626 0.0140996
0.7795557 0.2080017 0.0124426
0.7661904 0.2321389 0.0016707
0.7748478 0.2110699 0.0140823
0.5635310 0.3222206 0.1142484
0.7042656 0.2166211 0.0791132
0.8131631 0.1536728 0.0331640
0.6367355 0.2367546 0.1265099
0.5781413 0.3224174 0.0994413
0.7248610 0.2492635 0.0258755
0.6981064 0.2182678 0.0836258
0.9581298 0.0078789 0.0339913
0.4351682 0.0774776 0.4873541
0.6546143 0.1461076 0.1992781
0.6055447 0.1242785 0.2701768
0.5353948 0.1476305 0.3169748
0.6699993 0.0917352 0.2382654
0.5933152 0.2100786 0.1966063
0.7304279 0.0757239 0.1938481
0.5700776 0.1181653 0.3117571
0.6240652 0.0473737 0.3285610
0.6133431 0.1078895 0.2787675
0.9103498 0.0606640 0.0289862
0.6830887 0.1045413 0.2123700
0.9508112 0.0424557 0.0067332
0.9783927 0.0001011 0.0215062
0.9768341 0.0001011 0.0230648
0.7726722 0.0992930 0.1280347
0.7923532 0.0507494 0.1568975
0.7378090 0.1475481 0.1146429
0.7435811 0.0302417 0.2261772
0.9449358 0.0208279 0.0342363
0.8086300 0.0001016 0.1912684
0.7508032 0.2030283 0.0461686
0.7372622 0.0251877 0.2375500
0.5698995 0.0479732 0.3821273
0.6026875 0.0314330 0.3658796
0.5879407 0.1941660 0.2178933
0.6695769 0.0969630 0.2334600
0.6544524 0.1189822 0.2265654
0.5829517 0.1069734 0.3100749
0.5217347 0.0374157 0.4408497
0.5478111 0.1466703 0.3055186
0.2621897 0.0001008 0.7377095
0.2378649 0.0001007 0.7620345
0.7182275 0.0189900 0.2627825
0.6248316 0.0671653 0.3080030
0.6803247 0.1004871 0.2191882
0.5256718 0.0001016 0.4742266
0.6127515 0.0329843 0.3542642
0.0001002 0.0001002 0.9997996
0.6161851 0.0387757 0.3450391
0.4515070 0.0001023 0.5483907
0.6070689 0.0000995 0.3928315
0.6077854 0.0000996 0.3921149
0.6605986 0.0591047 0.2802967
0.1644362 0.0363538 0.7992100
0.6547887 0.0234108 0.3218005
0.1169812 0.0001009 0.8829178
